P(topic 1),P(topic 2),P(topic 3),P(topic 4),P(topic 5),P(topic 6),P(topic 7),P(topic 8)
0.0075702896693810315,0.9470051878531862,0.007570398963784386,0.007570334160757124,0.007570876366406418,0.007570696021744408,0.0075705061343780055,0.007571710830362542
0.0074589331949748245,0.00745923626134432,0.007458529864092559,0.007458886726675854,0.007458935220877863,0.9477874933332052,0.007458743261880544,0.007459242136948787
0.00672159080238564,0.0067217549233161665,0.006721873832022839,0.006722785846659668,0.006721858928156722,0.9529461872969796,0.0067219884399895265,0.00672195993048989
0.007936645942647003,0.007937345329074074,0.007936596606631804,0.007937678406798227,0.007938214719510785,0.007937240602319524,0.007937575690598811,0.9444387027024196
0.010705643051812855,0.010706251374969252,0.010705728871737867,0.010706810032985244,0.010705951478433486,0.010705493058384178,0.010705860161390116,0.925058261970287
0.007785514767416248,0.007785516580163091,0.007785839634335069,0.007785789364026661,0.0077868447759834964,0.007785812905367153,0.9454969162724294,0.007787765700278876
0.008236279272180928,0.008235607382915396,0.008235440607021487,0.008235209339793171,0.008235555378439877,0.008235270339753182,0.008236004920182746,0.9423506327597132
0.00751937102670416,0.007519669670907275,0.947360010153114,0.007519400334504962,0.007520195699021446,0.0075194374076981525,0.007522058493200795,0.007519857214849151
0.9331916803058741,0.00954374309394148,0.009543386191229956,0.009543468765984331,0.009544585178467995,0.009543995104470142,0.00954380815698231,0.009545333203049636
0.007586406204928594,0.007585461602559374,0.0075854363744727125,0.946899731283785,0.007585447523291836,0.007585359992256963,0.0075861851137709446,0.00758597190493468
0.00983093212917023,0.9311812593834906,0.009830499044680703,0.009830791815013604,0.009832316479865696,0.00983077534861322,0.009831473406376008,0.009831952392789918
0.008784234120542299,0.008785283050023155,0.008783757773773267,0.00878423936498237,0.9385083486302989,0.008784378644683705,0.008784208976987347,0.008785549438708913
0.0059243404970852785,0.005924454691147949,0.0059242200607112685,0.9585266359983914,0.005924662511023746,0.005926254759558916,0.005924548500694169,0.005924882981387395
0.9636454817129557,0.005193574515638162,0.0051931622832308375,0.0051932546871181935,0.005193524971755395,0.005193645931640965,0.005193449086620841,0.005193906811039847
0.008065307973137812,0.008065244385833937,0.008064539322220583,0.008065022098290905,0.008065099180108264,0.9435414486992216,0.008066332616515818,0.008067005724671068
0.00936304674840248,0.009364707536830354,0.009362688390666899,0.009362333742365251,0.009362942622358978,0.009364013357036858,0.00936258115662827,0.9344576864457109
0.009695352660627326,0.009695394178574195,0.009695144408972916,0.009694646881619666,0.009696026413751509,0.9321269180745767,0.009695750506372473,0.009700766875505105
0.008954627804472686,0.008955318294601514,0.0089538529200379,0.008954265893280997,0.008954930578210264,0.93731221759165,0.008954536616785056,0.008960250300961637
0.006713054272043247,0.006713569562123642,0.006713024792575425,0.00671308987909812,0.00671322099389626,0.9530068607464316,0.006713559168407261,0.006713620585424496
0.01092233321264269,0.010922651322358954,0.010923404674275402,0.010921864642797771,0.010922563399419997,0.010922343803881619,0.010923840706327381,0.9235409982382962
0.008428840045923576,0.9409898465599433,0.008428324738885941,0.008428298790743792,0.008430418612390668,0.008428835865574254,0.008430027564542478,0.008435407821995857
0.010004565043502502,0.010005572366212618,0.010003679080494106,0.010004429110505381,0.010008099919062895,0.010004117321456821,0.010005917486402277,0.9299636196723635
0.009342835849881976,0.009343183709895755,0.009342312347825234,0.009342073053359658,0.009350912694153942,0.009342855976412278,0.9345912648186094,0.009344561549861739
0.009622231788731143,0.009623417711267936,0.009621726103308761,0.009623458123540301,0.009624634004403979,0.009622260457252922,0.9326363889101226,0.00962588290137221
0.00932194189253864,0.009321952150440052,0.00932058963737986,0.00932051560938267,0.009327789630047486,0.009321265759572853,0.934742038671394,0.009323906649244346
0.009761340929140697,0.009761902279025273,0.009761176951646154,0.009760564952417953,0.9316663602625492,0.009761928074898693,0.009762851337820844,0.009763875212501091
0.011470603402760205,0.011469734250277664,0.01146967727358929,0.011469858253126446,0.9197017866686598,0.011469584141894704,0.011472623453477831,0.011476132556213995
0.00952193660475809,0.009522005042457312,0.009521280443886537,0.009522301226765444,0.9333417443272123,0.009522236799651612,0.009525421845256312,0.009523073710012512
0.01069033254972921,0.01069029739697761,0.010689986889878732,0.010690490147168243,0.9251629838222496,0.010690335212877385,0.010690910816297354,0.010694663164821764
0.010251315003062759,0.010252190597958533,0.010251349335774164,0.01025122202147192,0.9282369732421318,0.010251730778066397,0.010251615252555983,0.010253603768978343
0.010666931193266062,0.010664430732993127,0.010664273974745314,0.010664500485798527,0.9253410045124405,0.010664305215826375,0.010665923875440806,0.01066863000948931
0.010048550470743768,0.010048543095433434,0.010047935489765318,0.01004757321347374,0.9296581877291733,0.0100488927183053,0.010049538299572874,0.010050778983532238
0.007729675506195854,0.0077306071443726705,0.007728945080558722,0.007729263929899474,0.9458889621720026,0.007729788369771121,0.007730933934900551,0.007731823862299134
0.00964316256306901,0.009644594930261086,0.009643076551557637,0.009642476329605843,0.00964650095039803,0.9324892807752746,0.009644942159434592,0.009645965740399276
0.01090613796855737,0.010905782410893385,0.010905505164620053,0.010904991405251956,0.010909550680866796,0.010906589364734393,0.010906825037206289,0.9236546179678699
0.009149651652599889,0.0091505726334107,0.009149096588180437,0.009149282169687528,0.009152101281281237,0.009149601819450442,0.9359437515943952,0.009155942260994678
0.9331673018265524,0.009545793669751178,0.009545917088677204,0.009546182515739488,0.009552272847903998,0.009546083254866071,0.00954729402574062,0.009549154770768987
0.013052406646125999,0.013050436247874456,0.013049974062265997,0.013050201200804955,0.013051220043031022,0.013050251626876815,0.013050824292238968,0.9086446858807817
0.009245985035405946,0.009245586480187406,0.009244153718836188,0.009243828305640408,0.9352773526379601,0.009243897914377313,0.009246785437756132,0.009252410469836454
0.009780587206018067,0.00978493089475114,0.009780580686985767,0.009779907310519542,0.0097811122770656,0.00978105685671342,0.009780911623134925,0.9315309131448116
0.007045420747861257,0.00704654015334516,0.007045153627231489,0.007045214087636762,0.007046540265754587,0.007045691657582137,0.007045555064865837,0.9506798843957228
0.9376023720741503,0.00891401252744417,0.008912474370605212,0.008912646947360736,0.00891367230535149,0.00891249111524014,0.008913844214070404,0.008918486445777465
0.009201089314006525,0.9355866831290965,0.009200319341020658,0.009200779269072592,0.00920282224142678,0.009200894971652142,0.00920297842223814,0.009204433311486593
0.9289347768807497,0.010151698262623568,0.010150755719211384,0.010149893345947394,0.010152604396966969,0.010150986599952115,0.010154607645626083,0.010154677148922925
0.009291777917125314,0.009290926665811505,0.00929136313077069,0.009290206041316406,0.00929167355772609,0.009291045426652026,0.934958551378255,0.009294455882342945
0.01117982537199719,0.011180865793180285,0.9217337436939516,0.011179226144269201,0.011181015030427555,0.011179669153712313,0.011183143589066257,0.011182511223395617
0.00916710552676584,0.009167340181623478,0.009166504223664293,0.0091662819209366,0.009168908751993015,0.9358260453773392,0.009167593127410119,0.009170220890267486
0.010429360521639655,0.010429339170369636,0.010429048212695483,0.010428392982867456,0.010431605573214008,0.010429288132399624,0.9269884994790992,0.010434465927714824
0.010225882818849518,0.010225970793418967,0.010225025157907637,0.010224643291909459,0.010226872562978223,0.01022624869051221,0.928417207468318,0.010228149216105929
0.009378689416881279,0.009378828465406452,0.00937668545147098,0.009376897269333833,0.009378079684061751,0.00937704192568143,0.009379500625270026,0.9343542771618942
0.009872289092050483,0.009872798542422827,0.009871822864475565,0.009871921938329533,0.009873417793348185,0.009872154700144386,0.930888275280209,0.009877319789019939
0.009912468996800027,0.009912484420014654,0.009912929336564034,0.009911322609713205,0.9306091901440042,0.009912732463515364,0.00991323803577094,0.009915633993617555
0.010252341095060706,0.010253404491496018,0.010251384532232392,0.010252200666841117,0.010254970443541065,0.9282247953217951,0.010252890621306299,0.010258012827727214
0.00953049496400221,0.9332786497311254,0.009531233495977844,0.009530783591280245,0.009532217507829021,0.00953102110496306,0.009530921421090396,0.009534678183731861
0.008715990928468715,0.938986420723541,0.008715496303214016,0.00871546597349053,0.00871622264875751,0.008716071175905896,0.008716079227758893,0.008718253018863325
0.9323860319237003,0.009660019729750826,0.009657185977719845,0.009657382982796066,0.009659245490839902,0.00965842592170949,0.009657296517144157,0.009664411456339542
0.010036556208698975,0.010037128551187944,0.0100367174246673,0.010035948293682427,0.010036861860210208,0.010037038443376195,0.010039703301890484,0.9297400459162866
0.9371062039033488,0.008984760946422577,0.008983840151670178,0.008983675334558898,0.008984824640390535,0.00898489769226665,0.00898429033814753,0.00898750699319479
0.010367526140738456,0.010367392776711648,0.010366098840228634,0.010366251500071564,0.01036736325776969,0.01036675651583963,0.010369420600879352,0.927429190367761
0.9134698472559322,0.012360447610336384,0.012359502741360615,0.012360072387163327,0.01236314595931061,0.012360377178072188,0.012360764979930338,0.012365841887894467
0.010139221042031328,0.01013871362465411,0.010138359579217998,0.010138597823656809,0.92902444026395,0.010139883527316729,0.010138669703561412,0.010142114435611438
0.011039545529788083,0.01104004511516285,0.011040702040327307,0.011040293052068006,0.9227123631484873,0.0110407185552011,0.011040465233279005,0.011045867325686317
0.009104077101595696,0.009104529894794211,0.009103621636944392,0.009103749282393391,0.9362686590512614,0.009104744702622482,0.009104467844449841,0.009106150485938502
0.009571398982955063,0.009571454187115157,0.009570862909681023,0.00957125669500682,0.9329962391573409,0.009572143924441301,0.009572193327024253,0.009574450816435605
0.9373846938141137,0.008944152535342751,0.008943742795413236,0.008943862854986905,0.008945931270813655,0.008944484861735828,0.008944238153956287,0.008948893713637539
0.009228497402537575,0.009228795994427158,0.009228445024184464,0.009228254189482974,0.009230680211369167,0.009228642417055972,0.009228692531813376,0.9353979922291293
0.010523214558887712,0.010523656126162793,0.010524367020669018,0.010523232203262688,0.926332066180674,0.010523750482326752,0.01052409474931136,0.010525618678705771
0.010240774385392639,0.010241291757252207,0.010240677316649764,0.010240106888863901,0.9283111164158757,0.010240940708947807,0.010241513000889577,0.01024357952612823
0.009913316084454345,0.00991512203321457,0.009913614393973796,0.009913443296210522,0.9305986080525255,0.009914293552357335,0.00991488229384695,0.009916720293417017
0.010313813442241474,0.010314620193954996,0.010314300714470028,0.01031426376090879,0.9277972263131282,0.010314546810478439,0.010314478184832856,0.010316750579985151
0.007950601858789848,0.007951122832045628,0.007950649784651395,0.007950406195126736,0.9443434842555395,0.007950716094202972,0.007950833912261823,0.00795218506738217
0.009408840196425362,0.00940929823850046,0.009410682855484477,0.009408648558540332,0.934131241361847,0.009409385537054877,0.009409654901968064,0.009412248350179436
0.009781632277816107,0.009781779939764108,0.009781740048551943,0.009781265175632565,0.009786930240002389,0.009782060771236134,0.9315218024890837,0.009782789057913072
0.009236966951453849,0.009237162556435622,0.009236501776717468,0.009236694504583483,0.9353383831944743,0.00923697901062673,0.009237705676608554,0.009239606329099941
0.010876896077228164,0.010877095590007867,0.010876796163854351,0.01088177282148893,0.010878116513936826,0.010877747709357708,0.010878303241703068,0.923853271882423
0.009904212669891345,0.009905057739889566,0.009904481861727269,0.009906527230739768,0.009904736041747327,0.00990498476867078,0.009904464074828366,0.9306655356125055
0.008180827108763987,0.008181641328109201,0.008180596282704919,0.008181566189729815,0.008182445324799935,0.008181047334490557,0.9427271229230679,0.008184753508333704
0.010663783999702447,0.010664542882427287,0.010662902101794682,0.9253426847992821,0.010665404246271545,0.010664606129038709,0.010665915552118075,0.010670160289365177
0.012565074073439642,0.012565528708131435,0.012564481902687647,0.9120340458120919,0.01256677122839306,0.012566203719121684,0.012567512316835346,0.012570382239299292
0.007654798972489375,0.007655646230699884,0.007654663511659512,0.007655772037865221,0.007655910592557317,0.007655185366207724,0.9464081538497799,0.0076598694387410545
0.009412668715483496,0.009413729479645172,0.009413023051739721,0.00941353986483859,0.009414284409733627,0.00941393481244546,0.9341016921893869,0.009417127476726987
0.01029886717156183,0.010300010919992797,0.010298351254866183,0.010299304794801355,0.010300972161485638,0.010298648345604627,0.92789713593153,0.010306709420157734
0.009022399821994476,0.009022270566838688,0.009021786639737066,0.009022300719003423,0.009024309246157498,0.009022545050191766,0.009022951772196097,0.9368414361838808
0.009410064844791233,0.009410737818301469,0.009409580641433973,0.9341184340717875,0.009411771770743874,0.009410689683898854,0.00941222749936397,0.00941649366967895
0.9441107909306148,0.007983449886740816,0.007982827911822402,0.007983425310464908,0.00798450943525314,0.007983255959915546,0.007984496839379664,0.007987243725808783
0.00840605585756205,0.008406058716509799,0.008405827191237825,0.008406054655940638,0.008407166687744511,0.008406724901292677,0.008407203237160911,0.9411549087525517
0.010035221932036527,0.010035394571405114,0.010035597932700584,0.010035777535226697,0.010036719603312668,0.010036280797977911,0.010036293763813972,0.9297487138635265
0.008152010329474026,0.008152605525647748,0.008151846602218207,0.00815194878464904,0.9429321611004173,0.008151911601498928,0.008152021407072633,0.008155494649022056
0.010787738744704968,0.010788862024968617,0.924468837260158,0.010787279764017946,0.010790188215323685,0.010788590202801276,0.010789193607234423,0.010799310180791055
0.009097177455576514,0.009097205792824458,0.009097288724410589,0.009097187537540618,0.9363148562691035,0.009097026913287577,0.009098149278066929,0.009101108029189764
0.00840384048413376,0.008404157288991139,0.5109096833853434,0.008403806162967839,0.008405532275641024,0.008404385628211464,0.008403937700097551,0.4386646570746139
0.008483556326166701,0.008483377008152528,0.008482576705970801,0.008483365426803407,0.9406125666526296,0.00848397267699163,0.00848384065877847,0.008486744544506862
0.009031283738667921,0.009031908415305783,0.009031271482836454,0.009032050935100155,0.009032618434653368,0.009031857580235435,0.009031718853112537,0.9367772905600883
0.010631281422051992,0.010637108726606021,0.010630161890292462,0.010631625497083545,0.010632488970804902,0.010631220477885684,0.010633053589556296,0.9255730594257191
0.00964005660935302,0.009640618118443845,0.009640384202195306,0.009640962370533517,0.009641439706690496,0.00964041541059893,0.009640680400897586,0.9325154431812874
0.0104270861302624,0.010428419578863115,0.010427487931960964,0.010426994295133902,0.010428990699238486,0.01042759195245503,0.010427060598356123,0.92700636881373
0.012458990890396484,0.012460231183497173,0.012462933865713796,0.012459243374439278,0.012462414612065516,0.012459217381262233,0.012459047316814232,0.9127779213758113
0.009875161911773398,0.009875661915715215,0.009875146509712343,0.00987488138536529,0.00987610054777661,0.009876650118419922,0.00987502997248451,0.9308713676387528
0.011607168668361834,0.011608188761231158,0.011606510136374856,0.011606324413088445,0.01160805119889729,0.011606709640259658,0.011606931253693104,0.9187501159280936
0.008929988419623251,0.9374785234895561,0.008929759820905698,0.008929988587630888,0.008932277345446587,0.008930254790564187,0.008930848121943696,0.008938359424329764
0.009042098771153412,0.009042958437003387,0.009041716379695322,0.009041244110555475,0.009042991093618216,0.009042215498292617,0.009042328435054158,0.9367044472746273
0.009012548972650873,0.009012614260095619,0.009012426082503066,0.009012765205934912,0.009013737262538792,0.009012391007087856,0.009012250548201468,0.9369112666609876
0.9321650676498628,0.009689109777349172,0.00968849516765387,0.00968809465224273,0.009689670846020907,0.009688809532496286,0.009688852787612926,0.0097018995867612
0.009970836200883541,0.009971541200851503,0.009971443705504207,0.00997094744409077,0.0099732707472908,0.00997121040489514,0.00997121873901805,0.9301995315574662
0.012119355548864749,0.9151648062714799,0.012116917044297454,0.012117103062190052,0.012119343314435602,0.01211937739784957,0.012118006572377644,0.012125090788505084
0.008744324555480265,0.008748961889028605,0.008744075947206975,0.00874411793247363,0.008745731922261,0.008745728721436348,0.008745191333212379,0.9387818676989008
0.011202516398197856,0.011204115153198255,0.011202005253940293,0.011202174209649063,0.011205562640597045,0.01120351180405858,0.011202804996659068,0.9215773095436998
0.011337267447301768,0.01133846555383679,0.01133751801238846,0.011337314096147457,0.011339221471162722,0.011339567763600367,0.011337943190743514,0.9206327024648189
0.009595612065489471,0.009596352375005408,0.009595148332727347,0.009595563750934734,0.009597314071923038,0.00959648992147223,0.009596410681023288,0.9328271088014244
0.00811990560417666,0.00811913018122396,0.008118905971112839,0.008118712029040085,0.00811998502994708,0.00811900391696145,0.008119470209132455,0.9431648870584055
0.011493016356293856,0.011492582131305173,0.011492076269051337,0.011491272442461545,0.011493518346726534,0.01149236552817201,0.011492623178220729,0.9195525457477688
0.00941916930870355,0.009419198678428614,0.009418538990874411,0.009418177189648795,0.009418983891442996,0.009418564678000245,0.009418969414576098,0.9340683978483253
0.00908485088667077,0.009084648853085743,0.00908526884293378,0.009084256630033729,0.009086114125905272,0.00908486051956916,0.00908450510409636,0.936405495037705
0.008623514135666656,0.00862351476423858,0.008623232139876409,0.008623706188896274,0.008626436475532299,0.008623701719126534,0.00862347387531654,0.9396324207013467
0.00951826062750757,0.009518764120160618,0.00951889124945328,0.009518400919730814,0.00952007597588921,0.009518842593433852,0.00951881486853199,0.9333679496452926
0.011421296834974516,0.011419750794736328,0.011418977770926875,0.01141924624203509,0.011420503489574489,0.011421094702611757,0.011420131600291046,0.92005899856485
0.00785346898890002,0.007853616270912283,0.007853539609468541,0.007853344296177288,0.007854612207736348,0.007853737062585258,0.00785366570454842,0.9450240158596719
0.0076942628462476105,0.007694669475389947,0.007694105902190254,0.007694330308825279,0.007694922279478436,0.00769469937739878,0.9461364502420206,0.0076965595684490755
0.006765428404355223,0.00676535598331566,0.0067648789256683686,0.006764905252776198,0.006767713235601036,0.006765070115245064,0.006765201187570022,0.9526414468954684
0.00784107389033427,0.007840230933987719,0.007839654730046249,0.00783965124719407,0.007841159551466671,0.007839995771971319,0.007839992973309055,0.9451182409016907
0.005621700853675948,0.00562225540241568,0.005621752027697708,0.00562156044495379,0.0056227670514555446,0.005622062271023561,0.005621995062819243,0.9606459068859585
0.004603941981782998,0.004603922632785367,0.0046037313894246035,0.004603808061227048,0.004605062295563745,0.004603968778837702,0.004603986517586318,0.9677715783427923
0.006811091539940608,0.006810959254278777,0.00681077598449706,0.006810340670659181,0.0068114662140048325,0.006810632399465528,0.0068107269663810945,0.952324006970773
0.0054484827475411194,0.005448522315392172,0.005448405622780547,0.0054482109798320594,0.005449311950837362,0.005448583954323356,0.005448612250274887,0.9618598701790184
0.00671939896178482,0.006719504881250694,0.006718943652646296,0.006719740094697299,0.0067202049967704175,0.006719316117627322,0.006719220729807891,0.9529636705654152
0.008925499180799315,0.008926192367981424,0.008925239656741963,0.9375125153770169,0.008926750925796385,0.008925744416976224,0.008926043851369365,0.008932014223318484
0.006400958477144057,0.00640116827014516,0.0064011086469517595,0.006401440693833066,0.006401849230162616,0.0064014774881912566,0.006401435040683547,0.9551905621528886
0.005304972088762444,0.005304973830038868,0.005304932947429497,0.005304915891812073,0.005306351241051646,0.005305339268030618,0.005305028804203906,0.9628634859286709
0.0046699024856557345,0.004670334108265167,0.00466992140484565,0.004669825458674304,0.004670705676194677,0.00467008053362421,0.004670012596636796,0.9673092177361036
0.004450565285840426,0.004450739124442404,0.00445045467132685,0.004450468195678901,0.004451134227335935,0.004450673848401687,0.004450832776163708,0.96884513187081
0.0074896769336219296,0.007489668341791444,0.007489117377288025,0.007489278391836651,0.007490244602904621,0.007491866841481979,0.007489766909249906,0.9475703806018255
0.008055231395754262,0.008055041337011725,0.008055177768039497,0.008055006559546057,0.008057079492640179,0.008055681406248533,0.00805547051526213,0.9436113115254976
0.006942623998441055,0.006941920267357264,0.006941735122898629,0.006941487552050801,0.006942488651761083,0.00694200897742094,0.006942222095038761,0.9514055133350314
0.005785121687441904,0.005785588440226464,0.005784716616176871,0.005784745698920391,0.005787392544605538,0.005784975325412725,0.005785209674923106,0.959502250012293
0.008304994135845978,0.008305209481153798,0.008304879132050311,0.008305215940055712,0.008305579014537845,0.008305132517852039,0.008305206214264005,0.9418637835642404
0.004831076442886091,0.004831328208975777,0.004831008355501843,0.00483107995373226,0.004831651898073823,0.004831328914779606,0.004831243394478513,0.9661812828315721
0.005784377408430049,0.0057845432970716135,0.005784348639805313,0.005784313631635526,0.0057860095607059564,0.0057846899639140146,0.005784530052678646,0.9595071874457589
0.008747149215273116,0.9387675870927877,0.008746563991353346,0.008747132704271443,0.008748005941345822,0.00874731538791651,0.008747319945827885,0.008748925721224139
0.008082842159112669,0.00808450223953687,0.008082770665480665,0.008083534789498206,0.008084048101240462,0.008083108344361505,0.00808313919277027,0.9434160545079993
0.010845628657866816,0.010848312104547174,0.010845304312401598,0.924067071635253,0.010848269263744948,0.010846233992389301,0.010846840468689672,0.010852339565107621
0.00919434752637021,0.9356326299782733,0.00919391081554405,0.009195004866245398,0.009196410203225982,0.009194654243749486,0.009194719916695808,0.009198322449895704
0.0082678417572497,0.008270951987480228,0.00826754063777057,0.008267796731106515,0.9421200560631218,0.008268141316357402,0.008268204471506068,0.008269467035407783
0.012262705725432163,0.012264999721821383,0.012262963618046826,0.012262699671912954,0.01227373927498846,0.012263881883388611,0.012263158117743622,0.914145851986666
0.00950476392570464,0.009505896475040864,0.009504246012391835,0.00950463525833406,0.00950706659577382,0.9334564451495477,0.009505948703738306,0.009510997879468672
0.011770538591277665,0.011772203658441628,0.011770358171686974,0.011770827479409655,0.9175974633862465,0.01177085978429601,0.011771638301372126,0.01177611062726956
0.009623980599413922,0.009625223814665247,0.009623410289588236,0.009624158015244657,0.009627318613048191,0.009624495417591174,0.009623999038035817,0.9326274142124127
0.010384216836815221,0.010383944405550904,0.010382403991990717,0.010382690450584167,0.9273076329394975,0.01038457278843311,0.010383596746290916,0.010390941840837477
0.010396915345027163,0.010399436472538605,0.01039700881145594,0.010396799226764026,0.010403119008113894,0.010397422679165158,0.010397375204136926,0.9272119232527983
0.010481676435205787,0.010483512813534214,0.010481656283531244,0.010481460992822727,0.9266232787297035,0.010481952061287826,0.010481497890312646,0.010484964793602216
0.008732667691111293,0.9388615669178587,0.008732393754390876,0.008732840179365447,0.008737683233419391,0.008733375995779846,0.008733025919310586,0.008736446308763812
0.010230369627832591,0.01023102096873968,0.010230815986274967,0.010230339843559123,0.9283788709699919,0.010231722521510004,0.010231519940605747,0.010235340141485881
0.008538065777348338,0.00853926875738077,0.00853803764491592,0.008538462339713532,0.9402283878049895,0.008538613806793289,0.008538313318709589,0.008540850550149078
0.01083026073980333,0.01083129782517281,0.010830382331588033,0.010830155926302855,0.9241817462174964,0.01083105444443158,0.010831245440406563,0.010833857074798446
0.012426234555343215,0.9130059002356775,0.012425027350514279,0.012424804344288403,0.012434967796258634,0.012426534703531463,0.012425920556901239,0.012430610457485227
0.014125709028928717,0.014127025845062303,0.01412517540963584,0.014126476557165151,0.9011128995083635,0.014126178304173518,0.014127948080225008,0.014128587266446087
0.009995383157710138,0.009996650778894577,0.009995518274217487,0.009995373886260138,0.9300243216605549,0.009996290244223485,0.009996142969709066,0.010000319028430184
0.011596521913177357,0.9188108053901383,0.011596304251881174,0.011596433572582223,0.011602691660153335,0.011597972449694533,0.011597739562501135,0.011601531199872025
0.012413794313984483,0.012414912968065605,0.012413687207220385,0.01241396219217344,0.9130978657388137,0.012413885065714508,0.012414658725616144,0.01241723378841181
0.01069187314189365,0.010694054168990956,0.010691075491166806,0.010691581149030552,0.010695093204376222,0.010691586396562223,0.010692041729490679,0.9251526947184887
0.010132810736253137,0.0101344563429013,0.01013270546273971,0.010133419459707856,0.01013651056846363,0.01013308544237713,0.010132996125515747,0.9290640158620415
0.9216344595902198,0.011194208678377554,0.011192510034708267,0.01119313060533953,0.011198951123287525,0.011194062185045608,0.011194270936081491,0.011198406846940253
0.011018753439426933,0.011019175373096768,0.011017717514891728,0.01101818370734329,0.9228672229869752,0.011018520737456194,0.011019130948196657,0.01102129529261318
0.010635519838363836,0.010636416654054962,0.010635149266508947,0.010635319262559362,0.9255482140454887,0.010635894402741786,0.01063610368630446,0.010637382843978105
0.009998695947887248,0.9300041810646895,0.00999874742009732,0.009997871283950783,0.010002310807895612,0.009998692626795723,0.009998828891403081,0.010000671957280792
0.01012316502915845,0.010123353724839489,0.010122648075522695,0.010122495977540846,0.010124891524370908,0.9291331572808079,0.010122954951428115,0.010127333436331456
0.009587207629671524,0.009587622028651169,0.009587175666660282,0.009586833417309332,0.009588805599836265,0.9328852885182701,0.009587398439715926,0.00958966869988526
0.9320932672571306,0.009701222748254926,0.009699087251305945,0.009698967994816312,0.009702321456547789,0.009699715676029624,0.00970059853147708,0.009704819084437728
0.010531759116305538,0.9262764200229052,0.010530342297613684,0.010530148572729318,0.010534381386786511,0.01053180005133882,0.010531093869605912,0.010534054682715175
0.00994389612046581,0.009944877856297111,0.00994329957515501,0.009943456068678639,0.009946756712844078,0.009944048483671999,0.009943992973616473,0.9303896722092709
0.011149137112660766,0.011150724861776524,0.011148374965321112,0.011149030247117142,0.9219489719142567,0.011149685889399316,0.011149572833213496,0.011154502176254874
0.009582707272192268,0.009582878417985063,0.009581662962466313,0.009581965822480488,0.9329192059568199,0.009584038908195853,0.009582866756428035,0.009584673903432065
0.007546100658631752,0.9471722840584167,0.007546095416362081,0.007546042482103663,0.007549509440630164,0.007546218756925824,0.007546286364898447,0.007547462822031268
0.008945359753420543,0.008946330941207203,0.008944737497385448,0.008944833497491622,0.008948293574770817,0.9373769285358015,0.008945205929872892,0.008948310270050032
0.008420913825089126,0.9410458676818513,0.008420552044284157,0.008421257770091324,0.008422753017793005,0.008421557232507053,0.008421519487377743,0.008425578941006248
0.01090642165602843,0.010906855943179389,0.010906111605834117,0.010906215410287747,0.010907560495278103,0.010906150129889823,0.010906518579008855,0.9236541661804936
0.012133114041545658,0.9150653662006069,0.012131889094833828,0.012132522322645074,0.012133524518177985,0.012132713155472643,0.012133174201250712,0.012137696465467295
0.008467312873210937,0.008468107725332873,0.008466816024641407,0.008467260951988041,0.008470931190264232,0.008467398310487687,0.9407225296335062,0.008469643290568638
0.009492994154211055,0.009493948618639576,0.009493634020813674,0.00949284050070688,0.9335426068183355,0.009493656698480676,0.009493605562194569,0.00949671362661799
0.008590625364071397,0.008591162951668863,0.008590362446054782,0.008590476129886376,0.008592673610624872,0.008593539433485672,0.9398567175941516,0.008594442470056418
0.00972898975028068,0.009730067000954147,0.009728726752357385,0.0097291303002021,0.009732341093531426,0.00973170270622879,0.9318857269487552,0.009733315447690254
0.00789641116449536,0.007896740502683788,0.00789607423171753,0.007896768625144343,0.007898587005860583,0.007899288936512044,0.9447162113565071,0.007899918177079322
0.008433088496657708,0.008434180260724542,0.008432884767404366,0.940944355268094,0.00843664006937066,0.008438710461334162,0.008443051875452539,0.008437088800962023
0.010190336080566484,0.010190805825709227,0.01018990414134005,0.010189950554104285,0.9286557497390027,0.010196762885823288,0.010193647885987214,0.010192842887466963
0.008023371481704983,0.008023578267233806,0.008023264593919575,0.008023336221768675,0.008026078554917566,0.00802828557781069,0.008026178983248203,0.9438259063193963
0.00773059240040135,0.007730770943901796,0.007730189259724861,0.007730832245358293,0.007732091674716921,0.9458786269142445,0.007733487846182056,0.007733408715470278
0.010785057712668328,0.010787208431162909,0.01078436434684144,0.010785591728470625,0.010788914662346105,0.010788122331693784,0.9244908926516554,0.010789848135161314
0.00830106044925284,0.008301432737407714,0.008300657875900449,0.008301142213351738,0.008303036412763665,0.9418861995987811,0.008303067211160522,0.008303403501381918
0.009511706828728083,0.009512632654258717,0.009511645251508717,0.00951171360748042,0.009513778175806368,0.009514452751573144,0.9334105819943128,0.009513488736331708
0.009888803630913285,0.009889338638482185,0.009888813575487867,0.009888800301042194,0.930770910837851,0.009890299143618757,0.009891088327908736,0.009891945544695822
0.01240647246006058,0.012407152952137472,0.012406434513658188,0.012406591913502607,0.012408217744812383,0.012413147625639732,0.012409092971345527,0.9131428898188434
0.009526494372419933,0.009526543550413918,0.009525775376278706,0.009525852168310344,0.009528385139277989,0.9333102154470925,0.009527670390543395,0.009529063555663218
0.009429282188296416,0.009429932003051264,0.009429036703850934,0.009429380041680901,0.00943107521307449,0.9339875557461744,0.00943065538461207,0.00943308271925955
0.010813117551433354,0.010813586807160042,0.010812921115018349,0.010813325981625203,0.010814168721186937,0.9243012482059918,0.010815676294448595,0.010815955323135649
0.009975766119449062,0.009976608801336028,0.009975444159968296,0.009975549285835765,0.009977324667877832,0.009979505557744522,0.9301614238859542,0.009978377521834251
0.008954546554596222,0.008955096784249411,0.008954835614941467,0.008954853256338319,0.008955696555843438,0.9373102203110647,0.008955580520179186,0.00895917040278723
0.008964991070346665,0.008965343071035938,0.008965130541457504,0.008965231623234246,0.008966273219628578,0.9372378319000704,0.008966282467041349,0.008968916107185336
0.008178367594058203,0.00817889622314487,0.008178623652683653,0.008177938506754577,0.008179532324377741,0.9427469978993198,0.00817920434500881,0.008180439454652414
0.009340468502129239,0.009340293009192514,0.009340026106667986,0.009340456761654703,0.009341378440652354,0.9346146151750848,0.009340325613209468,0.00934243639140906
0.011095235074611465,0.011095587767055652,0.011094897703042363,0.01109532142558225,0.9223267225758143,0.011099244172757218,0.011096329547190652,0.011096661733946267
0.010237975193897244,0.01023835953167178,0.010237668899290862,0.010237976184168288,0.9283234685601436,0.010244744059191232,0.010239702170183914,0.010240105401452928
